      7896104992937 287
      0000078908901 2341
      7898994730545 24
      5000265090056 39
      7897895800418 106
      7898935964039 113
      7896272700013 89
      7897973300045 172
      7896122305207 376
      7501009224051 284
      7898215151708 269
      7896036090244 212
      7896122300363 166
      7896110011653 45
      7896005302088 285
      7894900027013 131
      7896098909768 62
      7808770200032 12
      7891024035511 54
      7896010400540 222
      7898276972762 23
      7896102589313 78
      8005110060007 96
      7891150086531 53
      0000000161299 45
      7897477800300 104
      7891000248768 420
      7898162494026 46
      7899768055369 15
      7898954714080 37
      7896022205164 203
      7898994733744 40
      0735201001630 896
      0000000032612 24
      7804414011118 29
      0039047050754 36
      7891149104741 178
      7891150071742 265
      7896090100101 322
      7894900530001 403
      7702018037865 33
      0000000032629 23
      8007150904549 26
      8410179100036 25
      7896010401073 151
      7891024035047 191
      7896306623202 398
      7896426400189 106
      7898422746759 163
      7891962037028 223
      7896005800010 44
      7896306616389 353
      7896451880604 24
      7891035800344 63
      7891150079526 76
      7622300830151 200
      7896089013405 35
      7896110011233 21
      7899710006975 49
      7892840815912 80
      7898934930929 48
      8002459901152 52
      7891962048208 195
      7896036000809 137
      4001852047225 12
      7898330960339 50
      7622210596413 56
      7896110010731 39
      5010106111956 8
      7899768086578 92
      7909843020547 24
      0751320536914 96
      7896110008653 26
      7898115750025 49
      7896398331702 9
      8009004110045 36
      7898115752432 30
      7896009301063 115
      7897807410667 12
      7898115750032 25
      5011007023331 5
      7804342004626 7
      7891000100103 68
      7804342004640 7
      7895800304211 372
      7895730273946 8
      7891150064621 18
      7896051111016 83
      7896009301049 110
      7891024037973 55
      7894000050034 60
      7898939469387 2
      7798304610041 18
      7891033926312 13
      5010106111451 8
      5400265030654 48
      5099873022092 41
      7891108080260 3
      7896371060056 174
      7891035024221 47
      7898115901755 199
      7896405500084 46
      7896110061221 87
      7798304610010 17
      7891116169544 14
      7891095031177 79
      0000000028547 18
      7894000000350 170
      7898024395850 35
      7892840816193 31
      7896756805173 23
      7898115901779 190
      7891022856736 12
      0736532813909 37
      5011007015497 5
      7891032018452 35
      7891116169551 12
      7891108030722 12
      7898293223038 14
      7898954714073 17
      7622300873554 146
      7896451874917 27
      7898024396529 12
      7896641000010 22
      7622210699992 79
      7861002900117 23
      7891150081239 18
      7622210578105 103
      7896110005898 19
      7891700080439 189
      7896306619434 230
      7896090100118 341
      7898553443886 36
      7896022205201 94
      7804414013297 7
      0000078939318 353
      7891150060296 138
      7891042101670 15
      7896036000823 49
      0000078939301 347
      7896110000176 53
      7891149104109 83
      7899941202016 4
      7896093200921 79
      7891528038612 72
      7896343070304 118
      7891035210259 108
      7896512909794 91
      0000078912359 436
      7896330502115 47
      7898215152330 49
      0000080761761 63
      7891962014982 152
      7898054300053 27
      7896110081250 218
      7898276970072 4
      7622210678171 12
      7622210293381 12
      7896098905906 39
      7891528038568 68
      7896110005805 42
      5601024022013 14
      7896022203603 98
      7896045102440 23
      7893249245485 18
      7891150086555 21
      7908034101492 16
      7899706181730 6
      7896001049833 33
      7891035250019 25
      7898905356840 15
      8009004118645 24
      0000000029223 14
      7891242211551 44
      7896045506248 57
      7896100505971 18
      7897477800553 34
      7891035040702 16
      7804340808011 17
      7898495144636 17
      8007153006387 15
      7896343070403 110
      7891910030354 26
      7896036099742 61
      8033102690062 26
      8033102690079 26
      0000078940840 51
      7899916904853 30
      7896022200756 91
      7804646610097 30
      7896806700038 48
      7891150014121 12
      0000000012874 23
      7898649351132 23
      7891095031153 59
      7500435142014 8
      7891991003148 47
      7896756801540 9
      7891910030347 25
      8001250120120 24
      7898215151784 121
      7791293567983 20
      7896502806119 23
      7899706164337 12
      7622210732316 68
      7892840816261 36
      7891150008151 17
      7896000705969 25
      0609963450923 13
      0609963450893 10
      7896021314768 70
      7898215152422 41
      7891109714508 21
      8001250152336 21
      0039047005440 15
      7894900014211 45
      7898215152484 22
      7890732316226 16
      7894900094664 20
      7898099394956 36
      0085156775002 3
      7899768011945 6
      7891108080253 2
      7622210563538 169
      7896110008363 59
      7891150068728 19
      7622210249500 10
      7898215152002 59
      7891109714515 20
      7891242420113 13
      7896005805077 19
      0000078922334 35
      0085156675005 3
      7898115750643 29
      7898027121050 16
      7500435182218 12
      0077330341905 12
      8001250120113 22
      7891083611442 10
      7894650111017 14
      7891000071625 5
      7896100501829 23
      7891097103865 22
      7612412396003 9
      7898367983356 66
      7891032018353 25
      7896010400823 67
      7896104996447 17
      7894900010398 128
      7891991010023 98
      7896873400060 31
      7891000065396 8
      0000000525299 87
      7891152801521 61
      7891691011283 3
      7891167011755 30
      7891962026831 109
      7896102503708 26
      7896343086053 28
      7896089013603 16
      7896505600387 64
      0000078912366 304
      7894900611014 32
      0736532813930 24
      7898024395232 34
      7896110009643 10
      7891167011731 29
      7894900701753 33
      7804646610028 25
      7897895800333 16
      7898024390121 45
      7896089010916 19
      7895730291223 10
      7899653780727 13
      7896021300426 61
      7896004400075 50
      7896098909751 28
      7898331012761 37
      7891035285202 22
      7506339389876 14
      7610036010305 11
      7896045102419 20
      7898939210293 22
      7896045505340 61
      0000000028813 10
      7896306623684 102
      7896330501118 65
      7896007943258 145
      8006013100210 9
      7892840812850 70
      7896505600011 87
      7891112191297 12
      7890732316240 13
      7898215152439 18
      7898938592437 12
      7892840267841 72
      0039047005136 12
      7802940010087 8
      7896110010830 11
      7897123670011 71
      7896756805272 12
      7896806700021 48
      7891021001960 71
      7896451879035 3
      7896451862655 5
      7898133019401 7
      7891132082988 10
      7896306623660 94
      7891962000381 39
      7896058200317 89
      7899706164375 9
      7892840808495 54
      7898965666958 14
      7896080861111 43
      7610036002836 10
      5060323902233 12
      7891991013772 96
      7896005802625 150
      7894900700398 106
      7891962012735 12
      7891962050089 91
      8410628463071 6
      7898142863934 61
      7898215151975 48
      7894321228723 128
      7891033925513 7
      7891691004520 6
      7898587764902 12
      7896398338084 4
      7899798608351 3
      7896058259056 52
      7896051166412 36
      7894900031515 29
      7896021300068 54
      7891108080406 2
      7896855901417 14
      7898202612359 20
      7891150072824 120
      7896013403746 12
      7897459901827 44
      7891150065178 10
      7896058200300 84
      7891991008761 47
      7896451873095 12
      7622210999412 24
      7622210999597 24
      7896100506121 12
      7891150060449 105
      7896256075090 17
      7896451880512 3
      7896398335182 9
      7891008121773 39
      7896754600336 29
      0000000032575 7
      7898965666316 13
      7891055605806 60
      7898930672953 28
      7891149210503 51
      7896005800553 13
      7893500045458 36
      7891152801576 48
      7896290301063 7
      7897546800101 25
      7894900034219 34
      7896398334482 9
      7730951081317 3
      7898596080574 15
      7898604810193 52
      5000291020706 2
      7891991014885 56
      0041500007007 20
      7892840800246 29
      7896025804470 7
      7891150073098 12
      0039047005426 10
      7897664171725 122
      8713621887616 9
      7896051128441 13
      7898930672786 20
      7898215152477 27
      7891035800276 15
      7896058593372 114
      7897942100430 26
      7898174850438 27
      7891024182970 21
      7896005805718 14
      7896426400196 16
      7896058258691 90
      5060323902271 12
      7896005310403 122
      7894900550030 53
      7898377660223 64
      7891024195604 23
      7896330532914 26
      7891150049895 79
      7896110005874 13
      7891167011717 23
      7896040706025 15
      7891991295017 39
      7898939469585 7
      7891962032450 90
      7898665680544 50
      7896569705431 35
      7898329492339 34
      0000000544481 45,000
      7891035800238 24
      7896058257625 110
      7896058593396 115
      8600114006565 18
      8600114005841 18
      7896093200693 24
      7898024397410 22
      7891035224102 10
      7896754600213 21
      7894900951516 32
      8002459901459 8
      7897540700018 26
      7897534808775 29
      7896071021548 38
      0609963450947 8
      7891000253540 207
      7896100503090 30
      7891024110300 47
      7896756802660 7
      8414048214220 5
      7896051111528 33
      7896291100016 8
      7896505600202 29
      7896038311194 24
      7891149200504 59
      8002459900643 17
      7898686660051 21
      7899768018623 14
      8693357275607 12
      7898945133692 71
      0000000022590 15
      7898232691904 35
      0609963966301 34
      7898070110827 12
      7897534800410 28
      5601252102815 5
      7891222216460 8
      7895800309780 152
      7898649350845 13
      7896256066074 47
      7897534812604 22
      7894900700015 53
      7898938592673 12
      7891222224038 10
      7898951670433 13
      7899026459908 7
      7897517932206 14
      8005121000085 21
      7891910020089 32
      7892020200194 43
      7891691005534 5
      7894993108255 12
      7898943163035 23
      7896053800444 15
      7896020618225 9
      7702147274742 6
      7896505600318 41
      7896036090619 10
      7501007413105 6
      7898215157175 14
      7896029069486 9
      7899768022521 9
      7891035618239 22
      7899706197649 8
      7500435169370 6
      7898215151883 11
      7894693039088 2
      2800000110284 19
      7899026478909 5
      7891962051345 32
      7891025112686 2
      5601216120152 7
      7896102000122 13
      7897534814868 22
      7896029077689 64
      7899706188302 7
      7898939469363 7
      7892840816322 20
      7891150041714 12
      7898276971000 3
      7896089011357 10
      7896029041949 12
      7896029091906 7
      7891024035535 9
      7896058257281 71
      7896005202074 33
      7896004006482 17
      7891035618567 20
      7891035325595 19
      7898695260488 86
      7896104992692 9
      7890732316394 12
      7890732316257 9
      7896256081428 11
      7804414011132 6
      7898930672670 25
      7894900027037 14
      7891035502231 43
      7896398332037 3
      7891150060975 8
      7891962027357 7
      7899768017367 17
      7896098909775 9
      8009004100053 12
      8009004110021 12
      7891242420557 24
      8006013989129 8
      7898215157106 12
      7896058217889 58
      7896756800888 6
      7898369571186 9
      7898369571261 9
      7896110094595 13
      7898958547219 10
      7896756805227 6
      8032793344261 14
      7898962528013 26
      7896423406054 18
      7896423405743 18
      0070330729612 30
      7898126407901 4
      7891242420564 23
      7896072911251 12
      7896100506107 9
      8006013989112 8
      7896080862149 30
      7892020200248 33
      7622210999368 18
      7896756802714 6
      7891150086449 10
      7896371000144 59
      7891035040740 5
      7610036002782 7
      7896005802403 104
      7622210476838 18
      7898645221804 24
      5900535000160 18
      7891035618550 19
      7898174851350 41
      7896020631057 6
      7899306039486 5
      5900535003741 18
      7898944073395 6
      7891112229402 4
      7898944073418 6
      7891149102815 30
      7896256065602 34
      7898656391053 7
      7500435154239 7
      7898380411553 30
      7614500010013 12
      7891242224001 21
      7896754600220 35
      7891150065154 8
      5014213711290 6
      5014213711306 6
      7898174850445 18
      7893500052388 12
      5412956214052 12
      7896213005771 26
      7622210709974 19
      7891193012030 16
      7804320746555 3
      7898904642616 30
      7896058257298 65
      7898915949162 36
      7898279790394 42
      7891112003651 13
      7896256066234 25
      7891000304594 53
      7896058258547 39
      7896001250628 22
      7896451862686 3
      7891035000089 11
      3472860407485 11
      7896005309902 117
      7898115757239 8
      7899768051736 11
      7896066307497 109
      7899768022279 21
      7891000101506 7
      7891008124828 38
      7896072911824 11
      7898905356796 50
      7896001250710 22
      7891024144268 16
      7896098903032 15
      7891010032937 14
      0734756000020 6
      7891991014762 31
      7893220242335 15
      7898215152347 11
      7896001250772 12
      7898906169081 24
      7896505600110 41
      7896104996454 9
      4005900036704 17
      7622210785886 16
      7891000285015 7
      7896021912346 3
      7896122304019 163
      7891150060456 71
      7500435169363 5
      0736532813237 9
      7891008121728 26
      7896104995129 22
      7896098901168 4
      7896012879832 4
      7895730972085 7
      7898944774452 2
      7798039590496 6
      7891991011723 30
      0027271119286 4
      7896012879849 4
      7891150086463 9
      7899768051729 11
      7896029092439 6
      7891167011779 24
      5099873006368 1
      7891991294942 37
      5412956214656 13
      7805070011023 12
      7896359002870 7
      7896036097328 24
      7898206501772 8
      7896022200206 40
      7891010247409 45
      7896012880289 7
      0751320657787 32
      7892840812423 40
      7896311706587 49
      8009004100039 10
      8001250201034 12
      8001250201010 12
      7899768016957 2
      7891149104956 30
      7891150086814 9
      7899572806768 4
      7896036099988 57
      7891095031122 26
      7896005302255 32
      7891035060007 7
      7896256040579 32
      7896098900208 65
      7891112018143 13
      7896066307510 90
      7896505601773 66
      7896098901328 4
      7891000126905 53
      7891173021809 27
      7895265788915 6
      7894650005712 13
      7896110009940 7
      4005900696830 44
      7891008116632 15
      7895730288575 2
      7898942936524 12
      7896021300044 32
      7891038001175 5
      6003747002614 3
      6003747000856 3
      7896005801529 9
      7898649351934 12
      7898915949193 39
      7893500033585 9
      8002459900612 12
      7898202613042 30
      7891065000318 5
      7899768022224 10
      7892300001961 46
      7897701100824 10
      7896030880018 7
      0736532813220 8
      7896012879788 6
      7897517904012 11
      7891095100293 32
      7898180570221 12
      7896022205225 32
      7891150086777 14
      7730951080471 2
      7891132019724 32
      7891035800214 36
      7898132980832 3
      8004350003829 11
      8600462041188 20
      8600462041164 20
      7898489521122 31
      7897517206567 53
      8004350003805 11
      7896102000368 11
      7891962050072 51
      7891991296441 24
      7500435107761 9
      7891991297479 25
      7891150044647 6
      7897546800538 15
      7791293033266 8
      7896034301670 6
      7898215157120 10
      7891000304754 43
      7891691004384 2
      7896093201065 13
      7892840816438 44
      3052910056278 3
      7891000011294 18
      7893500044352 10
      8006013989105 6
      7898669300806 6
      7896005272060 30
      7896001002159 39
      5412956214670 12
      7896021921966 8
      5908310281407 9
      7898966523083 2
      3083681080803 34
      7896058258981 25
      7891172145124 68
      7894650938690 19
      7896417204017 30
      7896036090909 16
      7898193781041 24
      7896051128076 19
      7896051128069 19
      7891021005609 8
      7896003706598 35
      8006013989136 6
      7896036097762 39
      4011800023119 5
      4011800023218 5
      7891991303309 24
      7896045103669 6
      8711000362747 6
      8715675121050 12
      7899653780666 13
      0000000769075 8
      7896278172050 1
      7898586960633 6
      7809625200276 2
      7809625200269 2
      7896512909732 30
      7791843010037 2
      7791843010006 2
      7895730607444 3
      2800000156541 19
      7909843017066 6
      7896286621328 24
      7802940047489 5
      8002459901169 11
      7896573360442 6
      8008857119342 15
      0000078945456 77
      7896098902394 12
      7896110003580 16
      7896756804657 7
      7802940047472 5
      7896025800274 11
      7898947389080 15
      7891108080284 1
      7891098000040 28
      7891098000057 28
      7897534853072 12
      7896451837349 4
      7622300830090 24
      7896505600325 18
      7896060401559 8
      7898957617500 12
      7898965227036 9
      7898692110137 1
      7898024830177 6
      7896481911842 39
      7891150022027 13
      5601855119005 6
      7896005805701 8
      7898930672465 32
      7898954714110 6
      7896098905401 5
      7896098904794 25
      0000078945463 75
      7897395099695 33
      7896001282391 12
      7891024183205 5
      7896021314379 21
      7898930672601 26
      7896110011622 4
      7898409951848 17
      7613037094732 5
      7896110011615 4
      8410179100357 4
      8410179100920 4
      7896005800683 21
      7891035115806 9
      8000698580008 8
      0000789219938 36
      7898930672472 21
      7891035116544 11
      8010205005016 15
      7896417204239 28
      7898232690617 44
      9310155954051 12
      7891000365267 41
      7804374002812 4
      0000000028530 6
      6009678817082 10
      7893333229001 23
      7897520100838 12
      7896005310236 19
      7896098902042 51
      7896003702880 32
      7894650012888 15
      0000078921481 23
      7896024720702 38
      7891242459199 12
      7899706181754 2
      7898561010780 11
      7891350032406 12
      7897173098902 58
      8005121000115 13
      7891108080420 1
      8010205004286 10
      7891962050065 45
      7891000051436 42
      7891035116513 10
      7896104996393 6
      8436543100716 2
      7896110011400 3
      7896685200223 11
      7896013569756 6
      7896575053984 6
      7804414012016 2
      7896398337612 5
      3178530402353 14
      7899751103169 4
      7891150037274 11
      7896015528577 7
      7899706170826 5
      7898070110841 7
      7896256066241 24
      7894900039061 7
      7896100505964 6
      7898635640080 1
      7896005302057 25
      7891095154012 22
      7898925074076 74
      7891033926329 2
      7896100505988 6
      7896035990088 27
      5060407232003 3
      7898965227012 8
      7898669302473 1
      7896003737400 37
      7896100505957 6
      7891150064300 7
      7891008125214 28
      7896573360367 6
      7896025804463 4
      7891108032412 3
      7898341430777 20
      7894900504002 30
      7896019201452 7
      7893500034834 10
      7891035991165 6
      7891010255046 4
      7898232691256 23
      8001250121264 7
      7891109486214 7
      7898229200027 17
      7896034680126 23
      7896398334772 1
      7898329491936 18
      7891150064317 9
      7896026800990 6
      7896045101665 9
      7894650013502 16
      0000000027892 5
      7891035000065 12
      7899768066235 9
      7896256065688 12
      0606529675547 4
      0606529675554 4
      7891242510012 24
      7898024398424 33
      7896045103638 5
      7894650013861 10
      7891035050602 5
      7896035911052 8
      7896021312238 19
      7896098825020 33
      7896256040821 44
      7896098901861 13
      7899306040185 10
      7891035024535 10
      7896022200572 29
      7500435106566 3
      7899790245882 3
      7891150037595 12
      7891010255039 5
      7896036095041 37
      7896256040210 12
      7895730273977 2
      7891114051087 6
      7896058259087 45
      0000078602731 16
      7896067201398 11
      7899768012775 5
      7891035990984 9
      7891150071087 8
      7891008121872 20
      7891150061378 5
      7896569703024 23
      7896066301426 11
      7896021300662 16
      7891035225109 7
      0000000013154 13
      7892840815769 31
      7898695260563 33
      7896036099247 18
      7898915380002 10
      7891022848083 12
      0041333001098 8
      7896093200709 16
      7791293014838 7
      7896093202826 14
      7893456272755 39
      0000000027984 4
      7891149840878 19
      7896015591786 6
      7896093200990 21
      9002490240875 14
      7891150070981 6
      7896102000108 59
      7891000120330 7
      7896080875149 16
      7894023058147 1
      7896256065534 12
      7891800637397 24
      8002459900674 9
      7891435036749 31
      7898202610652 26
      7909843017080 5
      7896035911991 13
      7898586960176 12
      7896012879771 5
      7891150041431 11
      7909843685098 5
      3472860405368 8
      7898662061346 24
      7896330509534 48
      7500435115827 4
      7804340822178 5
      7896005809518 16
      7891108080765 1
      7896021300082 26
      7891095605576 31
      7897973300014 18
      7622300859817 92
      7897664150027 12
      7891132019274 24
      7891023555805 2
      7896371010112 12
      8008857119861 12
      7896189223025 23
      7891033761104 2
      7895730285307 3
      7896098905913 40
      7896021300372 23
      7897147500295 11
      7891173023001 4
      4005808257553 11
      7896018202245 55
      7897807208677 11
      7891150067899 4
      8032793344254 8
      7613037064322 4
      7898906169357 5
      7506339337525 6
      7894900027358 6
      7896045101658 8
      0000000758567 10
      7908053450540 5
      7891149010103 39
      7896094906624 13
      7891962031170 65
      7898944856271 20
      7896098902103 32
      7895265700344 4
      7896291100153 4
      7891000102626 28
      7891035041006 15
      7896098902219 53
      7891150050112 4
      7894650013014 11
      7896021300495 25
      7899768051699 5
      5601012002447 2
      0606529084356 4
      7896398332563 2
      7894900681000 12
      7895265700368 4
      7909843213109 5
      7506306244184 7
      7891033926282 2
      7891095604784 17
      7908053417741 3
      7891033925520 2
      5602660004388 2
      7898027120275 6
      7891691397660 1
      7622300026752 10
      7896451862662 2
      7896110011578 5
      0000000029285 4
      7891991002479 13
      7891435036916 26
      7898380411126 20
      7895730132120 2
      7898232690402 35
      7897534800656 16
      7896261403543 21
      7891097102721 7
      7899909401147 2
      7896040704113 10
      7891991016223 23
      7891962067346 63
      0736532141118 12
      7896009765131 11
      7892840815264 13
      7896035271378 40
      7896018209251 30
      7895265222051 6
      7898222280125 11
      7896001945623 32
      7896025803824 12
      7891155047322 10
      5204766001768 3
      7891962053196 22
      7896094905634 38
      7909065267607 3
      7899306039295 5
      7622300859893 89
      7891991003162 14
      0000000029186 4
      0000096133262 12
      7896036090862 13
      7899306040109 5
      7891150049871 36
      0000078930230 99
      7891114088687 1
      7898915949148 14
      9002490214166 6
      3023470001015 11
      7899567245220 23
      7896398335380 4
      7898645221811 13
      7896036099117 16
      7896026801386 5
      7891065041694 8
      0000000019637 6
      7895800304228 64
      8005121000146 10
      7509546653280 6
      7791293032443 8
      1220000250055 14
      7897631700033 11
      7891150070882 10
      7896261403536 20
      7891021000949 12
      7891000010860 18
      5000267024011 1
      7896058258523 22
      7898623959231 4
      7891242405127 12
      7896098900253 41
      8410179100821 3
      7896080870144 16
      7612412422429 1
      7896435310509 13
      7896256066258 6
      7898341430098 16
      7891008137354 17
      7898202615039 24
      7896292314511 3
      7897534812642 15
      7897807411343 3
      7312040017034 1
      7890236400117 4
      7896256042689 35
      7896013403555 13
      7500435127226 26
      7891132019281 21
      7895144603148 59
      7896435328511 63
      7898142863859 18
      7896036094969 24
      7899306039493 38
      0070847022015 12
      7509546672021 19
      7893500090403 10
      7896036097458 11
      7500435115353 4
      7894650003879 10
      7891193010012 16
      7898943163028 19
      7897517924065 11
      7891150059856 40
      7896005802564 56
      7896089012712 5
      0602883099067 6
      0602883960336 10
      7896902207943 6
      7891035800061 6
      7898561010797 8
      7908053450472 4
      7891150057548 10
      7896098905203 4
      7896034302509 3
      7891242412453 9
      7896290301452 7
      7892840815271 12
      7896505600363 47
      7896110010786 12
      7612412428964 2
      7891095100729 28
      7897520100159 11
      7898641521410 4
      7897895800340 5
      7897895800326 5
      7896098905937 8
      8000350003999 10
      8000350003937 10
      7896022207090 52
      0749355836024 2
      7894900031751 13
      7897517906719 10
      7891000089255 22
      7899026401792 14
      7896066307503 52
      7898076752403 22
      7898645221828 12
      7895730289770 1
      7891095031115 15
      7794450008077 1
      7891000325131 9
      7896089011227 6
      7804641500010 4
      7896100503878 2
      5201043100749 1
      7891108080307 1
      7891000325858 4
      7891008124071 20
      7891035524455 10
      7897042015245 7
      7501009224181 18
      5060323902332 5
      7899768077187 6
      7896093200815 14
      5411901825886 5
      7891000315200 14
      7896022206918 23
      7891008121827 14
      7896330505116 24
      7891021005067 5
      7896100503861 2
      7897517206284 42
      7891962053189 21
      7896256041071 15
      7794450088369 1
      7895730037937 1
      0000000014861 4
      7894650126165 11
      7506339391312 3
      7891109486221 5
      7891125064465 2
      9002490229160 11
      7896100503830 2
      7896398333409 2
      7891108080642 1
      8410179100050 5
      7896077077433 20
      7896100503847 2
      8076800195057 7
      7892840818357 4
      7894904204496 12
      7896256065992 18
      7896046702878 13
      8888021300185 22
      7896451852458 1
      7891435049978 11
      7898472250077 5
      7898132544478 1
      7896045506040 12
      7891962036984 26
      7891991000826 27
      7896417223841 26
      7898276970270 1
      7896505600134 27
      7896021315659 14
      7896509979496 4
      7897895800395 4
      0000080052760 13
      7791293033235 5
      7896094915046 11
      7896020660323 1
      8000500359815 4
      8000500359884 4
      5412956216452 3
      7891962063874 11
      8436572380189 1
      7896110061122 15
      7894900503029 21
      7891242457324 14
      7894900583700 38
      7896020618027 11
      8691707096476 7
      7897398200111 9
      7896036099254 4
      7898331012655 17
      7896902209855 6
      7898641528099 9
      7893500105015 12
      8002459900605 7
      7894900701609 17
      7892840812416 13
      7898489521139 18
      7898230710102 6
      7892840816254 20
      7891035051272 6
      7896189200323 6
      7893220208034 5
      7897698210766 57
      7891150020689 2
      7898944774469 1
      7790975017754 1
      7790975017013 1
      8032793344278 6
      7891150044906 2
      7891149201006 18
      7909690029144 2
      7897066791019 20
      7896256040258 7
      7506339391305 3
      7896007551552 2
      0000078905498 7
      7610369420703 16
      7893694165666 9
      7891000369098 17
      7898908593709 11
      7896025803831 9
      7804454004682 2
      7891242405158 11
      7898958581268 9
      7896004006277 7
      7896007811304 23
      7896104997727 9
      7899653781885 23
      7891528029498 27
      7896030893483 8
      7891035225000 5
      7891112288539 2
      7891117052135 2
      7898180570566 14
      7894900110005 20
      7898202616036 20
      7896110081632 22
      7896026800754 20
      7804319009609 1
      7804319009012 1
      7896075026716 2
      7891065000288 6
      7891008124170 18
      7896505600042 10
      7895730997248 5
      0047400179240 5
      7894321222127 47
      7898330960605 12
      7891134008467 4
      7891035539404 6
      7898276972793 2
      7896034302806 2
      7893220238406 1
      7893220268502 4
      0000078940833 11
      7896278164338 1
      7896104993545 15
      7898675805982 1
      7896052607587 26
      7891000460207 51
      7891000355756 9
      7896100501843 4
      7896290300318 6
      7891150027800 7
      7895730176889 2
      7898957354740 12
      7899768079976 1
      7500435134415 23
      7898279792039 19
      7896398338091 2
      7898329491745 17
      7896505600066 23
      7898409951404 6
      7891116084953 1
      7898543381082 5
      7897383900149 24
      7896058259049 16
      7893249567075 4
      7896509979489 4
      7899790245837 2
      7898904493010 5
      7896505600875 34
      7896098842508 22
      7896902205956 2
      7896026801225 6
      7891132019021 16
      7891035500206 11
      5000267014203 1
      7899026400849 12
      7894900501001 19
      7896021912261 2
      7891023529981 1
      7891000306703 12
      8028630011021 5
      7891000462300 46
      7897807410223 4
      7896417209135 15
      7891008121629 12
      7506309865393 4
      7896505600493 11
      7891193010180 9
      7897179000114 12
      7897050045906 24
      7891008414127 104
      7891155054801 10
      7891991014878 8
      7891035000317 5
      7891010604349 3
      7896754600206 3
      7898193780051 13
      7896052607129 26
      7898162493517 5
      7501001133627 4
      7898951850064 13
      7896005800027 9
      0742832595490 4
      0783094031531 7
      0011359330168 12
      7891193012016 7
      7896021314362 12
      7895730089707 1
      8410525159619 18
      7898380410822 20
      7899768012751 3
      7891095025107 10
      7899790232394 5
      7891242220218 5
      7896015525583 4
      7891033925506 2
      7896505600622 10
      7898213130163 12
      7891991000888 27
      7899768062671 5
      7896330502436 7
      7896045506064 13
      7622300988517 31
      7896021912025 1
      7896496917655 10
      9310155560108 9
      7894650003756 3
      7895730285444 2
      7804374002843 3
      7898553446986 6
      7896098909744 7
      7891149105564 15
      7899916914920 6
      7896398335366 3
      7898965666323 4
      7896012880272 3
      7896040701402 9
      7891242062429 7
      7896005805138 4
      7898230716616 27
      7892840808013 15
      7898908418514 3
      7896256065954 11
      7891065006129 4
      7891033925575 2
      7909690580874 3
      7893220283642 1
      7896052607167 25
      7895730288339 1
      7896000595560 12
      7896020660057 1
      7898279790639 17
      5601024022020 2
      7890265736508 2
      7612412429268 2
      7896052607228 24
      9002490258825 9
      7894494731914 4
      7891144000604 25
      7896756802769 2
      6001159111771 1
      7898950180025 12
      7891025107897 1
      7896021300648 17
      7612412546002 2
      7896012879795 3
      7895730277944 2
      7896490290631 149
      7892840813444 9
      7896226200040 12
      3330720243652 3
      7891150060968 3
      0736532813398 3
      7896045109647 4
      5902768864298 6
      7891150083561 6
      0000000012829 11
      7899026401822 11
      7501001165246 3
      4005900741165 1
      7893500025375 12
      7894650009963 14
      7891079001028 31
      7896066301297 7
      7896040701389 7
      7891000268100 7
      7891962064116 30
      7891150068735 4
      7896000593719 16
      7500435141819 4
      7896052607044 24
      0000000029216 5
      7898070110810 4
      7896873400015 7
      7896916400064 9
      7898202611970 14
      7897534812659 11
      7801222004448 1
      7801222001515 1
      2800044767208 7
      7898962528426 30
      7894900010015 18
      7898641521434 3
      7891035228285 5
      0011359330151 10
      7891010560812 7
      7891150083608 5
      7891025111825 1
      7896902209817 3
      7896098900215 27
      7896306612817 33
      7896000555359 12
      7896512905420 12
      7891150061415 2
      0041333001029 5
      7896405500091 2
      7891116000489 2
      7898367980010 12
      5411281723819 3
      7622201783396 2
      7622201783297 2
      7500435127257 10
      7898907779326 2
      7898215151760 11
      7896025804067 5
      5060323904657 4
      7898543382522 5
      7898944219014 12
      7891022638011 31
      8713621999944 3
      7896022203610 17
      7891528038001 10
      7500435190541 4
      7896005805107 4
      7891150057524 7
      7896000595607 11
      7898380411119 20
      7891175000444 7
      7891032015017 24
      7622210612267 2
      7896343083113 4
      5000267014074 1
      0000000761826 19
      7896024720207 20
      5600245677392 1
      7500435128957 2
      7798039590342 1
      7896005800539 10
      7896417223889 20
      7898279790417 16
      7909843685128 3
      8713621890111 3
      7891024180877 8
      8691707095936 14
      7896098825068 19
      5000289020701 1
      7891962069982 3
      7896451837356 2
      7896058255041 26
      7895730283853 2
      3112300121822 5
      7896020631125 1
      0618231595150 3
      7891000284933 3
      7898276971796 1
      7899768055864 1
      7896020633396 4
      7897517906740 9
      7896036095065 20
      7896033211369 3
      7894650938485 7
      7896021314683 11
      7898906170780 4
      7896005302019 13
      7896110009544 6
      7896021627097 15
      7891035918315 3
      7891242512146 13
      7896066764917 26
      7500435183741 2
      7896007972142 94
      0000000027830 2
      7891691073229 2
      7894650013205 3
      8000500359556 3
      7896505600615 28
      0602883960435 7
      7891155042648 6
      7894993108286 2
      7792319009906 1
      7896058256413 34
      7896502837991 3
      7896071025133 14
      8436572380158 1
      7898080640413 11
      7891035570537 5
      7897664171701 34
      7896029022276 21
      7898070111268 4
      7898922711042 3
      7891176117646 6
      7896435300401 23
      0736532113672 4
      7899768022903 1
      7898259670616 1
      7898944219038 10
      7896417223896 19
      8436543100877 1
      8436543100686 1
      7896003737394 19
      1220000250109 9
      7896044936923 5
      7897517209544 19
      7896093200334 7
      7896093200716 7
      7896417209142 14
      7897517208868 20
      7896256080971 4
      7891242770010 5
      7898293221928 6
      7895730283846 2
      7891000329450 19
      7898641528631 8
      7896569780544 4
      7891155003663 54
      7891167012103 9
      7896756805234 2
      8076809545440 3
      7891035228292 5
      7891035560804 8
      7899768013239 2
      7891800648539 6
      7898213130149 10
      7898213130125 10
      7896100506114 3
      7896110011592 3
      7896058257632 31
      7891024134702 11
      7898944774278 1
      7891035001413 6
      7896029310014 43
      7896505601582 18
      7896045104499 6
      7897517917012 4
      7897383900347 19
      7896022207106 34
      7891175180689 6
      7898964395019 14
      7896075033356 3
      7896005272022 13
      7894650939161 6
      7896024720115 18
      7896330502221 7
      7898230716630 20
      7899768055031 1
      7899768024723 5
      7894993171907 1
      0070177197131 4
      7897517903633 32
      7891910007110 15
      7891112290969 2
      7896036096062 17
      7896007942534 28
      7898024397892 3
      7898422746216 3
      7891035651007 6
      7891962056678 10
      7896036095645 17
      7891155030881 6
      7891032016601 5
      7792319676320 1
      7896094919853 11
      7891048043035 10
      7791293022598 4
      7891155002604 28
      7891095011605 6
      7896369614063 8
      0000000032506 10
      7501065911919 12
      7506306244177 4
      7891000338162 4
      8076800195033 5
      7898908418101 4
      7899806929355 2
      7896224836098 6
      7891095003822 12
      7898930672441 16
      5201043004115 3
      7899768024907 5
      7896042059594 4
      7896001215238 4
      7908119400700 21
      7897631700095 9
      7891150048485 10
      7891150043282 4
      7896002366267 6
      8000698270015 5
      7899706170888 2
      0000000028806 2
      7898267190502 8
      7898965212148 24
      7509546682600 7
      7895730974065 3
      7896110004648 2
      7891155002437 16
      7896435300418 17
      7908216102910 1
      7898016920022 3
      7896110008011 1
      7896060400262 17
      7898276970287 1
      8412147571473 13
      7899706184380 2
      7896002366304 5
      7896000550064 13
      7896855901400 3
      7896036095126 15
      5602501000210 2
      7896004400013 12
      7798353193137 1
      7899768012126 7
      7891010560737 12
      7897179000152 7
      7896058258813 13
      7898489512045 3
      7898367983615 6
      7894900666502 22
      7893220283628 1
      7899916912902 5
      7891150073951 3
      7891035618543 6
      7891150037472 6
      7896505600776 19
      7891175018838 13
      7896089012880 3
      7896756800130 1
      7897179000183 5
      7891150037564 6
      7896001049512 6
      7898014127690 1
      7896021303021 8
      7896007972159 59
      7891008121926 10
      7501037607567 4
      7899026419049 7
      7896029082287 1
      8008660617820 3
      7897384701141 10
      7622300807283 14
      7909843213086 3
      7804454001186 1
      7896007811021 16
      7891144000109 37
      7897534800106 14
      7898126404900 2
      7898215157113 4
      7894321208121 5
      8001020114182 2
      6009678817068 5
      7891150066908 20
      7897664140738 8
      4005808631322 4
      0609963966288 10
      7891991301114 7
      7896093200624 6
      8052049271134 4
      7893249567068 3
      7897517904524 2
      7898943566188 2
      7891035040436 8
      7895800201503 39
      7896000670175 2
      7896040703710 7
      7892840814540 5
      7896058258998 10
      7506309805498 2
      7893220257735 4
      7896066302102 11
      7892840820183 10
      7898908418088 2
      7896038360192 20
      7897395099367 7
      7909843213093 3
      7804454001193 1
      0082184090510 1
      7896029079508 5
      7891024035139 14
      7897895800357 3
      7804320116952 2
      7891167021020 10
      7897179000138 6
      8076802085738 4
      5400265019055 2
      7891035524271 25
      7896505601520 8
      9310155530101 4
      7896029007426 1
      8028630011038 5
      7899768011389 1
      7702425537859 7
      7501001100285 2
      7891035918001 3
      4610028073014 4
      7897517924089 4
      7894900011753 6
      7891117078944 2
      7896093200747 6
      7891991015868 8
      7896256066081 13
      7898279790400 13
      7899768051705 3
      7898174850193 7
      7897807410155 3
      7891095100125 16
      7891022860580 15
      7896005802397 32
      7891238053882 14
      7891991015493 12
      7891242161580 11
      7908336300043 5
      7622300858834 32
      8028630011120 4
      7897179000237 8
      7896005807668 3
      7896005800669 4
      7899001028396 2
      7891175018845 12
      7899706135771 1
      7804320637006 2
      7898070110872 3
      7896902206298 1
      0736532139757 2
      7891435050042 7
      7509546668062 3
      7890880553269 6
      7898618048728 7
      7896000583321 12
      7500435024594 3
      7898147651154 3
      7891109714485 3
      7622300631574 5
      7891035285158 13
      7896256040630 8
      7894900701517 5
      7899710014451 1
      7895265700337 2
      0000000013635 5
      7896044998723 3
      7899768017701 3
      7894900320015 14
      7897517206086 37
      7899768084260 5
      5601012045505 1
      7891010501105 3
      7898938592680 4
      7898276972281 1
      7894321242521 18
      7896001045637 8
      7899768012737 3
      7898142865372 1
      0742832595476 5
      7891095030064 12
      7897631700040 9
      7908053450410 6
      7899909400973 1
      7898147651178 6
      7891114091670 1
      7899768085915 1
      7896330502535 63
      7897517906702 10
      7500435127240 14
      7891435055979 4
      7898027120077 7
      7899026419025 6
      7891109486238 3
      7899026420564 2
      7893500085768 12
      7896005800157 4
      7896330504539 39
      7891023074894 2
      8076809542517 3
      7896495000129 3
      7891991000727 16
      7898380410655 21
      7896873400077 6
      7899768016278 1
      7896877440109 7
      7896021300501 12
      7897831200135 4
      7898925074069 42
      0000000023191 8
      7898125766870 2
      7899768012768 2
      7908324402865 5
      7891010010577 5
      5602660004395 1
      7891035209505 4
      7896398325367 2
      0000054083721 5
      7896029077658 18
      7896256040494 5
      7891098040909 8
      7896417223834 15
      7500435132756 2
      7890880553290 6
      7896034680133 5
      7896098906750 2
      7896077078102 18
      7898618048711 9
      7891008121575 9
      7622210661852 14
      7898925943020 4
      7898951670426 3
      7894900593709 22
      1220000250123 7
      7894000048703 6
      8001250152039 3
      7892840808501 10
      7896102587074 2
      7896036099773 13
      7894900184037 8
      7898930672618 8
      7909843102670 2
      7891095002160 8
      7896030892646 8
      7893220253379 1
      7891024183021 3
      7891035024894 5
      7898618045284 2
      7897395099329 14
      3295890218780 1
      7908034101508 2
      7899790259681 2
      7896058257267 18
      7898908418392 3
      7909690580850 2
      7891035024351 1
      7896754600329 2
      7894321711058 4
      7501001109653 2
      7898380410365 20
      7891991014236 10
      7891022637014 22
      7897517903626 28
      7898380410372 19
      7899768067546 7
      7896022200213 12
      7613036941365 2
      7891022640014 22
      7891109486245 3
      0000080052487 7
      7622300807399 11
      7896022204853 12
      7896058257618 24
      7501065922403 2
      7896272700129 2
      7909690794738 2
      7891136051003 1
      7896051090144 79
      3052910056261 1
      7501007413921 2
      7891435070132 4
      7896512900043 6
      5034660521877 2
      7891962054117 11
      7622210521811 2
      7891035539503 6
      7898380410938 10
      7895730607420 1
      7896007811311 10
      7897179000015 5
      7909690503439 1
      7909690503446 1
      0602883099043 3
      7896013403418 4
      7896021300440 10
      7896024720894 14
      7896256040357 11
      7898174850322 10
      7896001001503 2
      7909690794615 2
      7895730303759 3
      7898193780846 8
      7896034300963 1
      7891132110223 28
      7891991303200 8
      7896330532020 6
      7898641526224 7
      7891035524349 21
      7899706187367 2
      7891150061392 2
      7896007549702 1
      7898202614018 7
      7897517924096 3
      7891152801781 21
      7891991010153 11
      7896359029112 3
      7891024035191 11
      7891150037328 4
      7896283006142 2
      7894650007761 2
      7896104994092 16
      7896035911229 6
      7897773303734 2
      0736532113719 2
      0736532113702 2
      7891962051574 28
      7896089016215 3
      7891132009497 14
      7506339394535 6
      7891000089231 11
      7791293004976 2
      7891095300389 7
      7891097103964 8
      7891175007719 24
      7897517206338 27
      5601213188216 1
      7896417209166 10
      7896110010847 2
      7891022860429 6
      7896033211338 2
      7891095154241 8
      7899026423398 7
      7791293022635 3
      7509546668505 9
      7896061995033 2
      7896018704299 3
      7899941202337 9
      7898641528648 9
      7791293032467 3
      7897534815407 11
      7622300873509 8
      7897626501249 5
      7891024034941 11
      8001250120090 3
      8691707097039 17
      5601069111611 3
      7898070111879 2
      0000078938847 47
      7891175018722 10
      7909843685135 2
      7896256066166 6
      7891150081222 2
      7891037000322 4
      7804646610004 2
      0736532813336 2
      7891033718580 1
      7898908593013 4
      7891010793463 5
      7896505600370 22
      7893249344492 1
      7898027123016 6
      7896306612831 21
      7899768088473 4
      7896036000717 7
      7893220279997 3
      7891242510005 8
      7893249344461 1
      5601146001415 4
      7896029052341 4
      7891010253936 1
      7891109146606 3
      0000080050315 25
      7898142863842 12
      7804646610011 2
      7899026401808 7
      8410744012535 1
      7897535410021 2
      7896058258707 17
      7804374002805 1
      7896417223872 13
      7896278166523 2
      7891238053646 18
      0070847033929 5
      7891132009442 13
      4005900396938 3
      7894900029017 12
      7896020684480 1
      7891035224003 2
      0041500805016 4
      7897534800960 10
      7897807418298 3
      7891035918308 2
      7891095028276 23
      7891242457621 4
      7896005800546 3
      7894023088632 2
      7891095154210 19
      8008685003257 4
      0735810145152 4
      7898276970102 1
      7891035040443 1
      0736532141125 5
      7891109146590 3
      7891037744509 7
      7898610370124 1
      7908119258004 1
      7898142863880 12
      7891035245008 5
      7791728003796 1
      7898605252428 5
      7899768022897 1
      7891150071650 9
      7896005400012 12
      7891095400423 5
      0011359350142 3
      7896015591144 3
      7896021302918 10
      7896001010000 3
      7891172421174 4
      7898489521160 9
      7893218003603 5
      7890732316219 2
      7891000118962 4
      5601213184867 1
      7898080862488 7
      7896035700014 2
      7897395000622 11
      7891149010509 11
      0000080177609 6
      7896754600350 1
      7891182840200 8
      7891150077645 2
      7891150081277 2
      7891150081284 2
      7891112290952 1
      7898930672267 6
      7891022100921 19
      3112300124809 4
      7898638063824 2
      7622210288905 1
      7898024395867 3
      7895730292299 2
      7896000530325 9
      7898561010766 4
      8076802085981 3
      7896359024162 3
      7897066791057 2
      0606529911997 2
      7896007551309 1
      7896001044838 8
      7899768018777 1
      0000000028479 1
      3760032460070 2
      7792319001917 1
      7622210563477 21
      7896012879818 1
      7896025804043 3
      7898079000303 9
      7896071024839 21
      7909843212997 2
      7893220227028 2
      7898180570160 43
      7896002360982 5
      0000000028462 1
      7893220237638 1
      7891035500008 6
      7891132008704 9
      7894650003169 1
      4610028072994 3
      7896104993668 3
      7896359040889 3
      7898915949681 9
      7891000268506 4
      7892840816780 5
      8693357303065 1
      7891008123975 10
      7891149102785 13
      7892840816773 5
      7896001016415 3
      7896196059044 2
      7895730273533 1
      7891242405110 5
      7898949409939 1
      7898230716654 12
      7899306040116 2
      7898079000129 6
      7896330510530 27
      7891035146008 3
      7891033925605 1
      7891033803583 1
      7792319001931 1
      7896025804845 4
      7891033926275 1
      0602883099074 4
      7891098040565 6
      7891175451062 4
      7896110011561 2
      7891048038277 7
      7899026413764 6
      7899706153072 6
      7898115750056 1
      7909690029151 1
      7506195143858 4
      0000000758550 2
      4001743757370 3
      7891962051383 35
      7898133019463 1
      7891991013970 10
      7897383900170 8
      0000078936683 6
      7891022861068 6
      7896306617492 19
      7896569790529 14
      7908053418861 2
      8690946250090 7
      7898331012969 5
      7896246701497 2
      7896058599794 7
      7896423420180 16
      7896505600172 23
      7894023088649 1
      7898706420016 1
      7896042024998 6
      7891249066895 1
      7509546654102 5
      7891035990571 6
      7891350000092 2
      7891350000115 2
      7897398200548 8
      7896098825013 11
      7898330150044 10
      7896398334383 2
      7894650012734 6
      7896110094700 3
      7500435181747 1
      7891010087722 6
      7896029077603 13
      7892840820244 8
      7898230710201 3
      7891031412060 4
      7909690386957 2
      7892840808471 8
      7899768012812 3
      7898926099276 9
      7899026408241 6
      7896058500042 6
      7896090122707 22
      7891962054100 9
      7891150037519 4
      7896007551088 1
      7896417296043 9
      7897664130043 17
      7898568901036 4
      7896025804074 3
      7891008121674 7
      7898215153214 5
      7891035040580 1
      7896261403185 5
      7891079000212 16
      7897383900392 14
      7898916946221 1
      7898943163011 8
      7896256041149 4
      7891114053616 1
      7899572803200 1
      7891024041611 2
      7891152800937 15
      7897517903190 3
      7891040152339 17
      7898070111930 2
      7898906171046 1
      7897179000022 4
      5412956214632 3
      0000000019552 2
      4005900522016 12
      7896902285996 2
      7500435128742 2
      7891033925599 1
      7891033930548 1
      7898943163059 7
      7891991100830 4
      7893218003610 5
      7891000356890 4
      7897535410298 2
      7908328200078 1
      7896004400020 13
      7897546800224 21
      7896359029129 3
      7896080001401 1
      4011800840518 2
      7898669301889 11
      4005900521910 12
      7898949840053 32
      7891000329498 11
      7899768026079 2
      2800044921204 4
      7622210754813 10
      7894650938478 4
      7896058257274 14
      7896756802912 1
      7896021314355 4
      7891095005895 10
      7896021921898 2
      7897877000249 1
      7898341430074 6
      7896003706536 9
      7897877000270 1
      7896066301679 6
      7891132008995 11
      8076808150072 3
      7896214533037 2
      7622210696601 34
      7891132019052 3
      7896013403401 6
      7896110002521 12
      7896799210101 47
      7895730263336 5
      5601216120336 1
      7898115758007 1
      7891331018238 3
      7891035617959 4
      7891132009046 11
      7896064204651 2
      7509546657738 2
      7898430866098 2
      7891149440801 6
      7891008121193 22
      7896051114024 10
      7891132082384 46
      7791293033242 2
      7898610373040 1
      7896005805121 2
      7898024397458 1
      5060407232010 1
      7894900530025 14
      7622210702623 1
      7896253401670 5
      7896100503564 5
      7896451849892 1
      7896799281729 29
      7895730277999 1
      7894650013144 4
      7897949413298 1
      7509546076485 1
      0000000017114 2
      7891040299447 14
      7895144297590 4
      7891095022625 2
      7899710006579 4
      7899710007767 2
      7891035116568 4
      0000000758536 3
      7896007545094 4
      7894023088854 1
      7891095015795 16
      7891022100280 13
      7898951850071 6
      3800205875109 4
      7896094981034 3
      7898489514520 2
      0751320658302 11
      7899768086653 2
      7896013544128 3
      7891114068290 1
      7896036099759 4
      7891150028944 2
      7896004006499 3
      0606529317799 2
      4750127300793 6
      7891048014219 4
      7897535410656 3
      7898174851381 7
      7891000364253 12
      7891000029329 2
      7898489514612 2
      7896036098806 2
      7899653781182 1
      7890557722233 2
      7898079003021 10
      7896002304825 4
      7896066301396 2
      7899768012102 8
      7891095154067 14
      7898142865044 36
      7890557722226 2
      7899706187541 1
      7891010030094 2
      7896066301402 2
      7891350034578 4
      7909690520412 1
      4005900521972 11
      7896013403494 5
      7895800430002 21
      7891024116319 1
      7898958581022 2
      7896030800375 17
      7894900611076 2
      7622300134532 1
      7622210834003 1
      8002210500204 1
      7809625203550 1
      7896051130116 2
      7509546061689 1
      7898618046793 1
      7898132980641 1
      7895800911150 21
      7894900701159 11
      7896451837332 1
      8410749001121 2
      7500435154772 4
      7894900301755 4
      7896292300064 3
      7896014183067 1
      7891200015573 4
      7891435049930 5
      7896098905661 4
      7500435169387 1
      7891035918025 2
      7891000304839 10
      7500435137577 1
      7898202615213 11
      7896066301839 3
      7898908593174 3
      7896073900810 3
      7893500033608 2
      7898283815182 3
      7896102501926 10
      7893220267789 1
      7891150055780 10
      7891108030142 1
      7896110011639 1
      7896398339685 2
      7896005310359 5
      7506339358247 2
      7622210674319 6
      7896020633860 1
      7894900050011 10
      7891010607135 2
      7896256066302 2
      7896093200839 5
      7898409952128 4
      7896021623914 9
      7890242180089 2
      7804320090313 1
      7896025804364 2
      8001250152015 2
      7896022207113 18
      7896072922356 2
      7898641528129 7
      7895144228532 18
      7896001047822 8
      7896706900019 1
      0000000013710 4
      7898907779272 4
      7891991000840 11
      7898905356307 8
      7899653780956 13
      7896014183081 1
      7891132001286 37
      7896756804923 1
      7506295388487 3
      7893500104889 4
      7891242459182 3
      7897398200296 11
      7898941911065 2
      7891150064331 1
      7898944775053 1
      7896122300356 7
      7896064487832 2
      7896064487825 2
      7702018983872 2
      7891962054124 7
      7891152801378 19
      7896001001305 1
      7899439351189 2
      7896005804391 7
      7622210571816 32
      7893220239403 2
      7890880484631 2
      7891035990922 3
      7898002240868 10
      7622300990701 7
      7896423469820 9
      7896051115038 4
      7891022101119 15
      7896981210414 1
      7891182007863 6
      7891035618246 3
      7896042041377 1
      7896036000267 2
      8008820164850 1
      7896018704152 1
      5601271088022 1
      7897042012473 3
      7908216101708 3
      7898215157694 2
      7891010035631 4
      7898635640059 2
      7894900680508 12
      7898126400353 1
      7891010504755 2
      7897309408643 4
      7891182020329 6
      0736532813756 1
      7896799280340 24
      7892840817879 2
      7891010247171 2
      7896077079277 14
      7898002240318 9
      7896007547128 1
      7896007547173 1
      7896756802653 1
      7899768048958 3
      7899768048989 3
      7622210572080 3
      7622210999535 3
      7891112003668 2
      7896000724731 4
      7899306039585 2
      7891988000211 13
      7891108033020 1
      7899916904785 3
      0041333001005 4
      5060407231976 1
      7899706126335 1
      7622210571526 31
      7610369420727 6
      7891175011396 3
      7898490097074 4
      7891035001451 3
      7891150086432 3
      4001743021716 3
      7898907779333 1
      7896330532679 5
      7891024132128 5
      7898079002499 5
      7899768012782 1
      7891035990564 6
      7891035990526 6
      7899751104418 2
      7898669301858 9
      7891988000204 13
      7898341430036 5
      7896756803834 1
      7891035215193 2
      7891132082285 39
      7891222045879 1
      7896014182480 1
      8002153202555 1
      7896330513531 27
      7896505601551 8
      7899768012799 1
      5603155400043 1
      7898944073241 1
      7898925700012 3
      7896014140527 1
      7898930672335 7
      7894650014295 3
      7891098038371 5
      7898677470058 2
      7896398338039 2
      7896590817035 5
      7891150054653 2
      7896359029136 2
      7898610372982 1
      7891000502303 5
      7730931131001 1
      0729208083232 4
      7791293022581 2
      7896602900021 3
      7897173074920 1
      8001592004683 1
      7896036096444 2
      7898635640134 2
      7898946900972 2
      7896051111856 18
      7896072922486 2
      7898906170483 2
      7892300030565 2
      7891114029925 1
      7896014140503 1
      7909690697572 2
      7613033174728 1
      5400265007328 10
      0000000028042 1
      8007150909957 1
      7899706244060 1
      7896013500384 3
      8710502060021 2
      8710502164927 2
      7506339363883 12
      7891010038908 2
      7898162493746 2
      7899674008497 1
      7897384700021 6
      0609963450930 1
      0609963450886 1
      7891035612107 2
      7896021626533 4
      5601069110768 1
      7894494000638 3
      7898669300721 2
      7891108020648 1
      7892840800079 11
      7891167011861 3
      7898070111886 2
      7897383900255 6
      6920354822223 2
      7891010518844 1
      7898174851633 2
      7897179000275 5
      7909690887874 1
      7899790261042 1
      7908119404210 1
      7892840817909 7
      7896040706186 3
      7896024722836 7
      7894900086027 4
      7891700080354 21
      7506339391336 1
      7891435050059 4
      7899768045438 1
      7897517906573 3
      7892840808488 6
      7898279790776 7
      7899768078221 2
      7791969016029 2
      7898641526217 3
      0819538000044 1
      8008660617844 1
      7892840819170 2
      7898016920152 2
      7893249678849 1
      7894900086003 4
      7891008349023 1
      7898618048704 5
      8888021300376 7
      7896066301730 2
      7896505600394 6
      7897383900194 5
      7891032019107 3
      7897303500053 2
      7898930672663 4
      7899768012805 1
      7891021007313 2
      7891112003019 2
      5608876010021 1
      7897517933166 4
      7898409951046 9
      7896565007690 8
      8001918000122 4
      7891000109908 1
      4005900449559 2
      7898960815351 11
      7896003702385 6
      4001743021822 3
      7898147651222 3
      7896398320690 1
      7896001004504 18
      4005900429643 2
      7896029079522 3
      7898636190874 2
      4005900036667 2
      7622210696441 27
      7891108020747 1
      7891108020716 1
      7891035024399 1
      7898232692826 4
      0000078938793 30
      7899768024495 2
      7896283005602 2
      7898024395331 16
      7899768076807 2
      7896093200877 3
      7896100501836 2
      7896444210821 4
      7500435125000 3
      7896636550827 1
      7891035502606 2
      8032754438725 1
      7893500104988 4
      7896015528300 2
      7896009498107 2
      7896256040272 3
      0077330347990 1
      7891991301138 4
      7891095154630 11
      7891150077706 2
      7896283006524 6
      6920354822193 2
      0011359340150 1
      0011359340167 1
      7899768065412 1
      7899790216912 1
      7896102584103 2
      7891167011748 4
      7896122305313 4
      7895730285567 2
      7506339315899 1
      8710502100864 2
      7891022101096 4
      7898230715213 2
      7896005309964 20
      7893220252716 1
      7894900660333 8
      0041333038896 2
      5901356071384 2
      7891962070018 1
      7896000724724 2
      7896256065961 3
      7895730267501 1
      7891144000147 8
      7897534812635 3
      7896007972104 15
      7898167466004 1
      7898009437353 1
      7898935964015 7
      7899706180924 2
      7891095002672 7
      7891108030289 1
      7909843689034 1
      7909107333833 2
      8710502007866 2
      7891132019403 6
      7897101400104 4
      7891991298421 5
      7622210567567 5
      7891000118054 11
      7899768012096 7
      0000000028653 1
      7891149103300 10
      7898337414019 3
      7622210641632 6
      7891962016825 1
      7891962069210 1
      7893220242267 2
      7891962061528 1
      7896098901854 3
      7899706187428 1
      7896031221889 3
      7891350037913 5
      7892840253646 2
      7896093202710 3
      7896283002434 2
      3472860001058 2
      7891000001080 1
      7898954714028 1
      7896040703192 1
      7896042037325 2
      7896029022245 9
      7891361945214 1
      7897895800364 2
      4005808817207 1
      7895730176872 1
      7804670770200 1
      7804670770194 1
      7898943163073 5
      7894650014202 3
      7791540046551 1
      0619205750506 1
      0619205750513 1
      7896261402256 1
      7896025804890 2
      7896093200822 4
      7896283007408 6
      7896098902257 13
      7891095154272 24
      7804320116921 1
      7791540050282 1
      7898906169210 1
      7899768014700 2
      7899572806621 1
      7896417223865 8
      7898960311037 1
      7891010009618 2
      7622210696649 25
      7896256041675 4
      7622210696373 25
      7894900550054 10
      7894900094572 3
      7896369162731 2
      7896024760302 6
      7896636550803 1
      7894900610017 3
      7898380410792 7
      7896398320706 1
      7896005800652 3
      7909843157427 1
      7898115753101 1
      7610036002720 1
      7891182840019 5
      0070330506077 6
      7509546671802 4
      7891991014908 18
      7891024135020 2
      7896330502320 3
      8682274451096 1
      0000000758598 2
      7891024194171 5
      7891023545172 1
      7909843157410 1
      7896036093467 3
      7891118015351 7
      7896359000555 2
      7895265145329 1
      7895265145312 1
      7896369161734 1
      7896398321208 1
      7898174851718 1
      7891962057637 3
      7908336300012 2
      7891040204465 4
      7899895738265 1
      7909843157441 1
      7899706244107 1
      7895265145336 1
      7898668196707 1
      7898668196691 1
      7891118015313 9
      0000000031196 6
      7896022205249 5
      0000000758581 2
      7891000502105 4
      5201306124451 1
      7894900557626 5
      7896311710324 5
      7896010400809 6
      7893220285141 1
      7891149104932 6
      7891010694593 3
      7896058255058 10
      4032844250347 2
      7899790250459 1
      7896066302003 5
      7895265145305 1
      7896256040371 2
      7891035570209 2
      7894900011609 5
      7896586814956 1
      7893249284996 1
      7891149440603 8
      7891024172537 2
      7898064922726 2
      0000000026338 1
      7898946900569 2
      7898929988317 2
      0000000575492 70
      7898178421894 3
      7896025804432 1
      7506339391329 1
      5601008102854 3
      7891150081246 1
      7896222720030 6
      7899706180948 1
      7893249285009 1
      7898453460792 3
      7891022850093 14
      7893220252730 1
      7898641528372 2
      7896444211378 5
      7891040331536 3
      7898596080192 1
      7896005310601 16
      7897753601409 9
      7891035040269 4
      0039800015464 3
      7500435209311 1
      7622210661746 6
      7891242510043 5
      7896256066180 3
      7896066720104 1
      7891051026773 5
      7893220259739 1
      5099873003220 2
      7896403201020 7
      0000000032711 1
      0000000029230 1
      7891242457041 6
      7891095021383 7
      7896002362146 3
      7899768074858 4
      7909843020554 1
      7898232691485 5
      7500435142229 1
      7898943163097 3
      7896002360326 4
      7896398325404 1
      7909843102656 1
      7909843102663 1
      7909843102687 1
      7894993108262 1
      7894900184136 4
      7896417211046 11
      7896292313347 2
      7896756803780 1
      8691707096100 6
      7899838806549 4
      7500435142243 1
      7898506478057 1
      7891175447416 3
      4005900498205 1
      7896104992487 3
      7896005302064 5
      0000000758543 2
      7899790238563 1
      7501001164645 1
      7898668193546 2
      7899768012836 1
      5400265152158 1
      7891242161597 5
      7891000113295 4
      7622300859930 22
      7895730615937 1
      7898472262056 2
      7891149101528 5
      7891112251311 1
      7896005280911 5
      8691707190129 8
      7896001049918 2
      0611269991000 3
      7897398200050 4
      7613036940788 1
      7613036942560 1
      7613037046526 1
      7896098905432 1
      7891035525223 3
      7896015529109 2
      7909690506829 1
      7891095001101 2
      7896025804708 2
      7891991298513 3
      7899768076722 2
      4005900004956 1
      3481291017217 1
      7891150083585 2
      7894900083002 2
      7896398338329 1
      7898495140171 1
      7899768076760 2
      7895730283228 1
      7898938592468 7
      7896019607636 2
      7897309408575 3
      7896505601490 10
      7909690580843 1
      7891150060821 1
      7509546654034 2
      7909843461210 1
      7896066760360 1
      7896002310345 2
      7896002303460 2
      7897147500462 7
      0000000032674 5
      0000078912908 7
      7896012879801 1
      7895144693088 15
      7896009711015 3
      7891155003885 4
      7896000672582 1
      7891691083228 1
      7891175015332 13
      7898142863804 7
      0041333001074 3
      4005808315697 1
      7891048038017 7
      7891132082346 30
      7891242420489 3
      7897309408599 3
      7896451842305 1
      7891800364880 2
      7896482400031 2
      0077330332590 1
      7898951850255 4
      7898947389202 4
      7896020162360 1
      7896348300772 5
      7909690795094 1
      7896569754651 9
      7909843461197 1
      7909690794639 1
      7898002240035 9
      7898232692093 3
      0000000758604 1
      7891528038308 4
      8715675121098 2
      0749355840984 1
      7896000530264 5
      7898409951572 1
      7891175002882 6
      8711000460245 1
      7896283006241 1
      7896283006043 1
      7894650004227 3
      7896005217023 4
      7899768025393 6
      7895730028751 1
      7896012880265 1
      7899706187480 1
      7897546800088 7
      7891095028337 6
      7896261403178 3
      7909690580867 1
      7896100500785 2
      7896036096079 7
      7899706197489 1
      7898915380040 2
      7894321208022 2
      8008685003240 2
      7891132009688 6
      7896306618291 11
      7891175007658 12
      7896044999546 1
      7891150027329 3
      7891150027282 3
      7891150037250 2
      7896036036051 7
      7891150060241 4
      7894000050539 2
      0788115643205 4
      7891182016278 1
      7909843017073 1
      7892840820145 4
      7891000116616 1
      7898908418576 2
      7899655052662 1
      7899768044738 1
      7894993011418 4
      7896028085654 5
      7898904771729 5
      7896042044224 1
      7891176118032 6
      7896028030654 8
      7896001016316 1
      7891118015283 6
      7896061995019 1
      7896061995057 1
      7891035040542 4
      7891182016353 1
      7894900520507 9
      7894900521009 9
      7896256040586 3
      7898951670334 1
      7891150081147 1
      7895730263329 3
      7898095298357 13
      7909843017103 1
      7909843017110 1
      7804340100054 1
      8711000362556 1
      7896278173989 1
      7909690794745 1
      7896369163110 1
      7891022100990 5
      7500435176453 1
      7891095031399 2
      7891095154623 9
      7908336300036 2
      7909690270898 1
      7804340100184 1
      7891150081215 1
      7896902286016 1
      4008601242184 2
      0602883894556 1
      7622210571847 22
      7909843017097 1
      9310155006705 2
      8008660612436 1
      8076809513661 1
      7898070111138 1
      7896100500822 2
      7896007550906 1
      7898472261769 5
      7896007550890 1
      7896029079447 2
      7896902209800 1
      7891991294263 4
      7896020619130 1
      7899706170918 1
      8699141057060 2
      7909690971412 1
      7894650937563 1
      5400265014371 1
      7891155017394 1
      7896005803721 6
      0736532814531 2
      7908336300050 2
      7893249423944 1
      7891114147476 1
      7891031305058 3
      7909690971337 1
      7896256081558 3
      7909843688969 1
      7896024761316 11
      7891182016223 1
      7798160150606 1
      0000054083684 2
      7896021302994 3
      7898958547028 1
      7891098040848 6
      7892840255541 2
      7898180570214 2
      7896005805473 1
      7891022859812 4
      7897895800401 1
      7896451800459 1
      7891035991172 1
      7896009712012 3
      7896100500792 2
      7894650938942 1
      7896000712837 2
      7898079000310 5
      8000500359488 1
      7896791902240 23
      7894900011159 7
      7891991298407 5
      7896706900422 1
      7808725405567 1
      7890557502507 1
      7890732316233 1
      7909843213123 1
      7898641525760 2
      7896423419276 6
      3014260014445 1
      7891065011970 1
      7899653779325 5
      7891150077652 1
      7896278169180 1
      7896137894055 2
      7898099394758 2
      7898202616210 7
      7500435160070 1
      7891095006274 6
      7897546800231 12
      7891175007689 11
      7891991014984 16
      7909690257745 1
      7891150081307 1
      7891150081291 1
      8032817244553 1
      7622210571601 21
      7891150081321 1
      7894900681017 6
      7892058118058 2
      7898125766337 1
      7896444211293 4
      7897546800040 12
      7891150086807 2
      7891008109368 3
      0041500932156 1
      7891242000025 2
      7896085872518 2
      7891962067681 5
      0070330144125 3
      7909843556206 1
      7898561010773 2
      7893249567099 1
      7500435201285 1
      7898953990157 5
      7896569720076 6
      7898568979639 1
      7890557502477 1
      7891095200467 3
      7891175003834 4
      7890557502491 1
      7891150019508 1
      7895730611250 1
      7896036099377 1
      7893220266225 1
      7893249567105 1
      7506309889375 1
      8076809513739 1
      7896007903177 11
      7896110011585 1
      7808725404706 1
      7808725404515 1
      7500435161237 5
      7500435153850 1
      7500435148702 1
      7896311710348 4
      0609963170968 1
      0609963170975 1
      7909843213116 1
      7896122304033 20
      7909690316718 1
      7891150050082 1
      7896110007557 2
      7896018704732 1
      7896273100171 5
      7896110011608 1
      7891117007128 1
      8008685000522 1
      7891060681611 1
      7896035921211 2
      7909843213048 1
      7894000030470 4
      7896024720382 6
      5900189010300 1
      7896029072615 2
      0618341549456 1
      7891150054455 1
      7891095014699 2
      7909843017028 1
      7899743849051 2
      7896100503014 1
      7896100503007 1
      7890541013781 1
      7891150014107 1
      7909690316640 1
      2800044767109 2
      7891150007406 1
      7891175016582 4
      7896009301193 3
      7891095014705 2
      7894000077505 14
      7909843213079 1
      7896035921143 2
      7891035070006 1
      7896104998557 3
      7891350037876 3
      7895800406939 1
      7897517905521 2
      7898958547202 1
      7622210571632 20
      7891331014100 3
      7892840818142 2
      7894900087123 3
      7891024034910 5
      7892840817978 2
      7500435150248 5
      7898955705162 1
      8691707196848 6
      7909690369097 1
      7500435187879 1
      0055653646808 1
      7891150070899 2
      7500435152495 1
      7896093200952 3
      7891010974312 1
      7891150075283 1
      7896085871474 1
      7891150058446 6
      7506195143872 2
      7896036099551 3
      4005900036759 2
      7896000661128 1
      7898331012150 1
      7896451800442 1
      7898994026914 13
      7909690086284 1
      7896292000971 1
      7896040701105 2
      0606529964955 1
      7898085943809 6
      7891350025187 1
      7891167011854 2
      7891149108282 15
      7898912678072 1
      7896045106844 1
      7509546671871 3
      7891048050613 20
      0736532814517 2
      0736532814524 2
      7891175031530 4
      7897534849402 7
      7897383900286 6
      7898409951787 1
      7896256040449 3
      7509546668598 4
      7891098030160 7
      7896001210110 2
      7500435159999 2
      7898174851367 4
      7899768012720 1
      7506195142035 1
      7896122305221 4
      7501006707649 1
      4005900950918 1
      7899710007996 1
      7891224789009 1
      7509546687926 3
      7909690466925 1
      7506195143834 2
      8004800003607 2
      7898958581572 1
      7891035620003 1
      7898955352144 4
      7899710006555 3
      7896292001084 1
      7891095028351 5
      7897398200029 4
      0000000029070 2
      7898495140560 1
      7890310121419 4
      0751320657848 5
      0788115643120 4
      7896051115014 3
      4005900130785 2
      7891150034952 9
      7897807425074 1
      8008660617813 1
      8008343201117 1
      7891079013038 4
      7622300370367 2
      7891024172230 2
      7898495140409 2
      7898516909466 2
      7891150030596 3
      7896003702309 4
      7909843328698 1
      7897398200661 4
      8006423302501 1
      7891435052565 4
      7896021627943 4
      7891035325625 2
      7896505600981 4
      7896094905627 7
      7622210661814 5
      7891000319505 5
      7891150039001 2
      7898215157526 3
      7898495149549 5
      7896021312115 3
      7896110091440 4
      7891150070974 1
      7896015591779 1
      7891150088238 4
      4005900431943 2
      7896444211767 1
      7897179000169 2
      7894650007129 6
      7896049528512 4
      7891000251522 9
      7896009724015 3
      8857122559754 1
      7891095154289 7
      7898906380080 2
      0000000758574 1
      7790244000401 1
      7896417204642 4
      7891435036909 5
      7898213130187 3
      7909690354567 1
      7892840815752 5
      7891000357019 2
      7622300862442 13
      7506309841816 1
      7898070110803 1
      7500435118507 1
      7898596080000 7
      7899895769238 1
      7896799212112 3
      7899768079686 3
      7896505600257 3
      7894900556056 7
      7891118015306 5
      7509546671550 1
      7897476615585 1
      7891242779099 1
      7896021623723 5
      7898962794166 1
      7891350037890 3
      7898115750568 3
      7891132019731 4
      7896256065848 5
      4005900521934 6
      8691707039305 5
      7909843328667 1
      7899790263107 1
      2800000269739 2
      7896040701235 2
      7893694026660 2
      0000000023078 6
      7896330501422 3
      7509546673141 1
      7909690222033 1
      0000000013659 1
      0609963966264 3
      7897517924119 1
      7891991303125 2
      7891035200007 1
      2800045377307 2
      7897398200388 2
      7896002300148 2
      7896330501439 5
      2800000156565 2
      7896051111863 11
      7896071025126 4
      7506309841823 1
      7898331012563 3
      7896098902240 9
      7896007913121 7
      7891010503031 4
      7622210641151 4
      7896214533075 1
      7896214532924 1
      7896214532504 1
      7899768013574 2
      7896214532702 1
      7896417209159 4
      7896417209517 4
      7897773305172 1
      7897000800814 2
      7891035524516 2
      7896058258653 7
      7897395001032 5
      7896098902226 9
      7896214533006 1
      7896005810057 1
      7891055013281 1
      7896089089844 1
      7898930672632 3
      7891010038953 1
      7898489512014 1
      7891000077924 5
      7896505600516 9
      7896009728013 3
      7891350002409 2
      7622210638021 1
      7898174850155 2
      0070330609723 4
      7891022080025 4
      7894900573701 8
      0751320536785 2
      7891000110874 6
      7896030802690 4
      8717163672037 1
      7506309872513 1
      7896058200324 6
      7891021005043 1
      7896036098288 2
      7891155008200 2
      7891095605170 4
      7896058258806 4
      7896036097342 5
      7896001001145 2
      7891021006125 1
      7892840800604 2
      5411901826388 1
      0000000017121 1
      7896012877722 2
      7898665680537 4
      7891150058897 5
      7898943163042 2
      7891173024978 1
      0887961686135 1
      7891035000010 1
      7896005800690 2
      8004350131041 1
      7894900151510 2
      7894900051513 2
      7896042021898 3
      7896064204989 1
      7899751102643 1
      7891035229008 1
      7891000253588 8
      7897749710047 15
      7898002248079 6
      7896044995722 3
      0736532813961 1
      5411901825688 1
      0000000017275 1
      7896102000160 1
      7896256041590 3
      0000078922327 2
      7896061920417 2
      7896505600189 4
      0000040804873 1
      7899768024129 1
      7896094915176 2
      7891010005757 1
      7897534828247 1
      7897269900621 2
      5601929001649 1
      7899768045063 1
      7898668191559 1
      7891000353769 4
      7891118015337 6
      7896033204644 1
      7896110008042 3
      7896005805015 1
      7897749710030 3
      0736532141101 2
      0736532141071 2
      7899768014649 1
      7890557722240 1
      7898920238251 1
      7896090101351 3
      7896045102396 1
      7896045523412 3
      7891114051803 1
      7896001210042 1
      7891193010173 2
      8001250009852 1
      7898142865082 18
      7899768017053 1
      7509546675121 4
      8801558204108 1
      7891035001475 3
      7891024181072 2
      7896005805008 1
      7896902209114 4
      7891175447423 2
      7896094906655 2
      7909690486916 1
      7622300743574 2
      7896398338046 1
      7622210661777 4
      7891021002189 5
      7898178421887 2
      7896330501569 1
      7899768015042 1
      7896403201976 3
      7898958547059 1
      7896051165491 3
      7894900180541 2
      7896256070194 9
      7891962053257 2
      7899706170857 1
      7891114026825 1
      7890557722257 1
      7896572010089 2
      7622210566409 7
      7891435933598 2
      7898939210330 2
      7899768019262 4
      7891008137347 3
      7909690448334 1
      7899768014717 1
      7893500011286 1
      7891175405522 2
      7896001004528 5
      7891040281336 3
      7897546800149 1
      7897384700397 3
      7896072911022 2
      7509546686028 1
      7899768044752 1
      7897520010335 3
      4015400763697 1
      7899706187404 1
      7896056407084 1
      7897807450458 1
      7896013562306 1
      7897534826632 1
      7898489512175 5
      7896799281767 6
      7896278166516 1
      7898927674069 5
      7896005800829 1
      6009678817099 1
      7891000061190 3
      7895730608250 1
      7898908418262 2
      4012200383803 1
      0000040804972 1
      7506339326031 1
      7898904852619 2
      7891238019970 2
      7891040102525 1
      7891048036280 4
      7891116012239 1
      7896040703727 2
      7898929988980 1
      0011359350135 1
      9002490250270 2
      7898941911058 1
      9002490200404 2
      7702018874781 1
      7891152110166 6
      7898215157410 2
      7891035285172 4
      7896512909190 1
      7898162497553 1
      7891095100538 1
      7898330150129 4
      0602883099012 1
      7898070110919 1
      7891991298827 3
      0751320657817 3
      7891350034868 1
      7892300030633 3
      0000000023160 1
      7892840813505 5
      5411901825282 1
      7898206502373 1
      7898070110834 1
      7891109486207 1
      7891528012582 1
      8004800002426 1
      7791293012087 1
      0736532113665 1
      7895144603063 9
      7891132080038 2
      7891176111088 1
      7893249245515 1
      7896235353225 2
      7509546654089 2
      7896306623073 2
      7896030815515 1
      7897269901222 2
      7895144892832 13
      7891109714492 1
      7894650003145 1
      7894650013083 1
      7898943566997 1
      7895730074208 1
      7892840815783 4
      7897477800515 2
      7899710007583 1
      7891242420465 2
      7899768013178 1
      7891022860733 2
      7891000530603 5
      7896036099384 1
      7898099392204 2
      7891242211179 4
      7891095150359 3
      7895265222068 1
      7897534844162 1
      0026102895191 1
      7896003738711 2
      7891095604777 2
      7896505601711 5
      7896262304351 9
      7898947387574 2
      7898472262735 2
      7896311768332 3
      6009678817297 3
      7896063243026 3
      7899768014748 1
      4005900521897 5
      7891150064942 1
      7896283001321 2
      7892840267940 4
      7896261403161 2
      7891193010302 2
      7891152801323 9
      7891112284739 1
      7897626515048 2
      7892840819507 2
      7894900531008 7
      7897517905149 1
      7891155008330 2
      7898259670302 1
      7896505600165 3
      7891112284784 1
      7891000102640 4
      7891035000331 1
      7896902211254 2
      7896278163546 1
      7898665680650 5
      7898142865068 16
      7896001223080 1
      7896045105410 31
      7898943567017 1
      7509546651040 1
      7791293022567 1
      7891132081011 3
      7891150054226 1
      7896902217010 2
      7791293032368 1
      7891155056584 1
      7896009725012 1
      7899233305043 1
      7891150054646 1
      7898635640448 1
      7891150055872 1
      7898635640349 1
      7897973302025 1
      7899768078436 1
      0000040804835 1
      7896306622052 2
      7891177802411 1
      7891242441132 1
      7897179000107 2
      7898947387581 2
      7891095154265 13
      7897384700632 2
      7896030800214 4
      7891109146613 1
      0000054083691 1
      0041333038216 1
      0000000022071 1
      7891238053875 5
      8005110630439 1
      7896505602336 6
      0736532141002 2
      7898543380948 1
      7898573160480 3
      7898472263992 3
      7898934930950 1
      7898934930585 1
      7897383900200 3
      7897383900262 3
      7891149108749 3
      7891132019038 3
      7896359041206 2
      7898180571235 1
      7898958581466 1
      7897383900224 3
      7898024394938 1
      7891000354537 6
      0736532813640 1
      7894000000275 10
      7896036096451 1
      7896021300655 2
      7899768084932 1
      7896001282209 3
      7622300988470 6
      7891010041410 1
      7891109146620 1
      7896902286856 1
      7891962057620 2
      7892052000069 3
      7898962676127 2
      7891435049923 2
      7892052000076 3
      7898568901401 1
      7896042026329 6
      0736532490452 5
      7891435050097 2
      0736532813657 1
      7891008169218 3
      7898232691522 1
      7897664140752 2
      7899768024518 1
      7891222235805 1
      7896478800012 2
      7898453461140 1
      7896067204023 2
      7898586960671 1
      7891037744356 3
      7891032013259 3
      7898567703402 2
      8004350004536 1
      7896053800451 1
      7891095150472 4
      7891155017264 1
      7891010973902 1
      7899768014823 1
      7896021300433 3
      7898142865037 15
      7896089060133 1
      7891988000273 6
      7898677470089 1
      7891150083615 1
      7891150088504 1
      4005900937520 1
      7896283007309 1
      7896283007439 1
      7897517908676 2
      7896005802519 1
      7896000705945 1
      7622210571724 14
      7893220278075 1
      7891150067868 1
      7896092000027 2
      7899706181006 1
      7891000249239 5
      7896098905999 4
      7896122304026 3
      7891167011953 2
      7896022205232 3
      7891035051265 1
      4002652080368 1
      7894000050027 2
      7896005800850 1
      7896000706065 1
      7891000889701 2
      8000698270060 1
      8000698270046 1
      3472860405337 1
      7898904869853 2
      7899655042441 1
      7894900660265 4
      7896359018789 1
      7896036099506 6
      7895730290882 1
      7891079000229 6
      7622210569851 14
      7898904642647 2
      7891167022058 1
      7897520015989 1
      7896369126832 1
      7896369126733 1
      7891150058972 1
      7898930673493 2
      7898906170919 1
      7896000706034 1
      7896067203002 1
      7898906170971 2
      7909843769361 1
      7909843769378 1
      7891132000449 3
      7891035990557 2
      0736532813107 1
      7896005802892 1
      7898215151999 2
      4610028072949 1
      4610028072987 1
      7891150083622 1
      7896104601617 1
      7898115751107 1
      7898115751565 1
      7898568901012 1
      7896505600219 3
      0736532813695 1
      4017100734106 1
      7896025804951 1
      7894900660401 4
      7898641528365 1
      7898946780024 9
      7898070110018 1
      7896283000164 2
      7895730608243 1
      7891141036170 1
      7898605253272 2
      7896066303109 2
      7896283002427 1
      7891031409404 2
      7891800203608 11
      7896030893445 2
      7891150045316 1
      7896001016712 1
      7899706170833 1
      7896444212238 1
      7891035918278 1