39047050754
736532813909
39047005440
77330341905
736532813930
39047005136
41500007007
39047005426
609963966301
27271119286
736532813220
606529675547
606529675554
606529084356
736532141118
602883960336
749355836024
736532813398
602883960435
609963966288
736532139757
736532813336
41500805016
736532141125
606529911997
602883099074
77330347990
77330332590
749355840984
788115643205
736532814531
41500932156
609963170968
609963170975
618341549456
55653646808
606529964955
736532814517
736532814524
788115643120
609963966264
736532813961
736532141101
736532141071
736532813640
736532813657
736532813695
609963966240
55653682615
618231150199
602883960565
618231302932
602883960411
602883960473
751320536907
736532141088
788115643144
736532813947
788115643229
736532813954
788115643182
606529541279
736532814401
736532815545
736532815514
736532813923
736532141316
736532813268
618341549777
736532140029
83729007581
736532141286
602883099050
736040505617
602883099081
736532139702
83729008458
77330530057
602883099098
749355840991
63348006943
63348006912
606529965020
736532814593
788115643168
736532814500
736532813916
736532141064
55653666219
736532813312
736532139641
8295615268
736532141293
602883099036
736532813381
736532815521
736532813978
736532815538
736532141095
7777777777771
