39047050754
736532813909
39047005440
77330341905
736532813930
39047005136
41500007007
39047005426
609963966301
27271119286
736532813220
606529675547
606529675554
606529084356
736532141118
602883960336
749355836024
736532813398
602883960435
609963966288
736532139757
736532813336
41500805016
736532141125
606529911997
602883099074
77330347990
77330332590
749355840984
788115643205
736532814531
41500932156
609963170968
609963170975
618341549456
55653646808
606529964955
736532814517
736532814524
788115643120
609963966264
736532813961
736532141101
736532141071
736532813640
736532813657
736532813695
